0	128	255
42.375	22843	45570
40.983	22499	44999
46.203	23054	45718
40.861	22578	44960
41.337	23357	46338
40.194	22977	45688
41.330	23353	46624
39.590	23214	46444
41.636	23983	47820
40.454	23645	47572
41.580	24283	48520
39.962	24422	48684
42.804	24019	48007
41.111	23837	47799
42.952	24150	47943
40.878	24025	47903
41.922	24172	48290
40.703	23905	47663
42.363	24140	47828
40.550	23942	47413
42.460	23211	46025
41.290	23694	47018
42.840	23013	45886
41.071	23613	46862
41.276	22885	45587
0   0   0
0   0   0
0   0   0