0	128	255
40.900	22960	45480
41.700	22480	44500
42.900	23160	45860
41.200	22790	45080
42.800	23190	45680
41.100	22780	44890
42.700	22980	45460
40.800	22670	44790
42.400	23120   45830
40.900	22730	45260
42.600	23190	45990
41.000	23560	45150
44.200	23470	46380
42.500	22770	45360
43.600	23330	46850
41.400	22670	44950
43.800	23800	47030
40.600	23280	46180
43.900	23920	47610
42.600	23080	45800
41.840	23460	46730
49.400	23020	45770
41.400	23500	46650
42.300	23040	45760
42.500	22910	45670
0   0   0
0   0   0
0   0   0
