0	128	255
42.917	46515	92329
41.824	47174	93944
43.232	46350	92501
41.312	46936	93464
43.071	47421	94809
41.937	48190	96289
43.312	47421	94410
41.559	48200	95740
42.852	47274	93813
41.834	47549	95330
43.094	47352	94007
41.332	47405	94776
42.841	46849	93325
41.622	47830	95041
42.901	47296	93926
41.031	47514	94869
43.087	46487	92639
41.771	47392	93797
42.957	46283	92143
41.275	46416	92957
43.717	45846	91545
42.502	46826	93327
43.865	45689	90975
42.107	46037	91657
43.176	46822	93060
0   0   0
0   0   0
0   0   0