 0       63	     127     195     255
43.8	23050	46200	70600	92400
42.3	23270	46990	72100	94200
44.2	22880	45920	70400	92100
42.1	23440	46450	71200	93200
43.0    23260	47440	72300	94400
41.8	23780	47940	73600	96000
43.1	23360	46940	72000   94200
41.1	23440	47180	72600	95100
43.5	23290	46850	71700	93500
42.2	23400	47550	73300	95600
43.6	23290	46950	71700	93500
41.6	23160	46920	73500	94500
43.5	23220	46750	71900	94000
42.2	23740	47630	73200	95800
43.7	23150	46470	71200	92900
41.8	23500	47120	71900	94300
43.6	23150	46490	71100	92800
42.3	23520	47360	72600	94900
44.0    23070	46510	71000	92700
41.8	23300	47050	72000   94200
42.5	23450	47120	72200	94500
41.1	23420	47410	72100	94400
42.6	23450	47400	72700	95000
40.0    23470	47280	72500	95100
42.8	23370	47100	72200	94700
0       0  		0		0		0
0       0		0		0		0
0       0		0		0		0