0	128	255
42.923	46668	82630
41.537	47889	76802
43.081	46264	82340
41.356	46986	78941
43.120	46542	91432
40.856	47829	89021
42.423	47043	87030
40.630	47349	85036
42.181	46231	86934
41.130	46786	83934
42.750	45820	83593
40.943	45874	87583
41.426	47023	80634
40.130	46457	88725
41.613	46230	86683
39.778	46210	90740
42.330	48365	87802
41.237	47662	94305
42.253	48430	88320
40.693	48001	87834
42.274	46483	86230
40.986	47373	90683
42.366	46745	92436
40.634	47323	82802
43.583	45714	85803
0   0   0
0   0   0
0   0   0